image: /home/cat/Car_ws_6_23/src/car_odom/map/nav.pgm
resolution: 0.100000
origin: [-51.249996, -51.249996, 0.000000]
negate: 0
occupied_thresh: 0.65
free_thresh: 0.196

